#DESC MOVES-ready input file for RPD and RPV modes
#GRDNAME: METCRO_12US2_CRO12CONUS1        
#MCXREF : /garnet/oaqps/em_v6.2/ge_dat/onroad/MCXREF_2011eg_22aug2014_v0
#MFMREF : /garnet/oaqps/em_v6.2/ge_dat/onroad/MFMREF_2011eg_22aug2014_v0
#MODELING PERIOD :  2011001 - 2011365
#TEMP_BUFFER_BIN :    10.00
#PP_TEMP_INCREMENT    10
RefCounty,FuelMonth,TemperatureProfileID,RefMinT,RefMaxT,Temp1,Temp2,,,,,,,,,,,,Temp24
006001,    1,   M2011010001,     14.17,     97.17,     20.99,     18.58,     16.41,     14.40,     12.66,     11.20,     10.00,     10.67,     17.84,     34.54,     53.61,     70.77,     84.34,     94.02,     99.37,    100.00,     95.09,     81.61,     64.25,     50.01,     39.76,     32.61,     27.44,     23.89
006001,    1,   M2011010002,     14.17,     97.17,     29.77,     27.63,     25.70,     23.91,     22.37,     21.06,     20.00,     20.60,     26.97,     41.81,     58.77,     74.02,     86.08,     94.68,     99.44,    100.00,     95.64,     83.65,     68.23,     55.56,     46.45,     40.10,     35.50,     32.34
006001,    1,   M2011010003,     14.17,     97.17,     38.55,     36.68,     34.98,     33.42,     32.07,     30.93,     30.00,     30.52,     36.10,     49.09,     63.92,     77.27,     87.82,     95.35,     99.51,    100.00,     96.18,     85.70,     72.20,     61.12,     53.14,     47.59,     43.56,     40.80
006001,    1,   M2011010004,     14.17,     97.17,     47.33,     45.72,     44.27,     42.93,     41.77,     40.80,     40.00,     40.45,     45.23,     56.36,     69.08,     80.51,     89.56,     96.01,     99.58,    100.00,     96.73,     87.74,     76.17,     66.67,     59.84,     55.08,     51.62,     49.26
006001,    1,   M2011010005,     14.17,     97.17,     56.10,     54.77,     53.56,     52.45,     51.48,     50.67,     50.00,     50.37,     54.36,     63.63,     74.23,     83.76,     91.30,     96.68,     99.65,    100.00,     97.27,     89.78,     80.14,     72.23,     66.53,     62.56,     59.69,     57.71
006001,    1,   M2011010006,     14.17,     97.17,     64.88,     63.82,     62.85,     61.96,     61.18,     60.53,     60.00,     60.30,     63.49,     70.91,     79.38,     87.01,     93.04,     97.34,     99.72,    100.00,     97.82,     91.83,     84.11,     77.78,     73.22,     70.05,     67.75,     66.17
006001,    1,   M2011010007,     14.17,     97.17,     73.66,     72.86,     72.14,     71.47,     70.89,     70.40,     70.00,     70.22,     72.61,     78.18,     84.54,     90.26,     94.78,     98.01,     99.79,    100.00,     98.36,     93.87,     88.08,     83.34,     79.92,     77.54,     75.81,     74.63
006001,    1,   M2011010008,     14.17,     97.17,     82.44,     81.91,     81.42,     80.98,     80.59,     80.27,     80.00,     80.15,     81.74,     85.45,     89.69,     93.50,     96.52,     98.67,     99.86,    100.00,     98.91,     95.91,     92.06,     88.89,     86.61,     85.03,     83.87,     83.09
006001,    1,   M2011010009,     14.17,     97.17,     91.22,     90.95,     90.71,     90.49,     90.30,     90.13,     90.00,     90.07,     90.87,     92.73,     94.85,     96.75,     98.26,     99.34,     99.93,    100.00,     99.45,     97.96,     96.03,     94.45,     93.31,     92.51,     91.94,     91.54
006001,    1,   M2011010010,     14.17,     97.17,    100.00,    100.00,    100.00,    100.00,    100.00,    100.00,    100.00,    100.00,    100.00,    100.00,    100.00,    100.00,    100.00,    100.00,    100.00,    100.00,    100.00,    100.00,    100.00,    100.00,    100.00,    100.00,    100.00,    100.00
006001,    1,   M2011010011,     14.17,     97.17,     19.77,     17.63,     15.70,     13.91,     12.37,     11.06,     10.00,     10.60,     16.97,     31.81,     48.77,     64.02,     76.08,     84.68,     89.44,     90.00,     85.64,     73.65,     58.23,     45.56,     36.45,     30.10,     25.50,     22.34
006001,    1,   M2011010012,     14.17,     97.17,     28.55,     26.68,     24.98,     23.42,     22.07,     20.93,     20.00,     20.52,     26.10,     39.09,     53.92,     67.27,     77.82,     85.35,     89.51,     90.00,     86.18,     75.70,     62.20,     51.12,     43.14,     37.59,     33.56,     30.80
006001,    1,   M2011010013,     14.17,     97.17,     37.33,     35.72,     34.27,     32.93,     31.77,     30.80,     30.00,     30.45,     35.23,     46.36,     59.08,     70.51,     79.56,     86.01,     89.58,     90.00,     86.73,     77.74,     66.17,     56.67,     49.84,     45.08,     41.62,     39.26
006001,    1,   M2011010014,     14.17,     97.17,     46.10,     44.77,     43.56,     42.45,     41.48,     40.67,     40.00,     40.37,     44.36,     53.63,     64.23,     73.76,     81.30,     86.68,     89.65,     90.00,     87.27,     79.78,     70.14,     62.23,     56.53,     52.56,     49.69,     47.71
006001,    1,   M2011010015,     14.17,     97.17,     54.88,     53.82,     52.85,     51.96,     51.18,     50.53,     50.00,     50.30,     53.49,     60.91,     69.38,     77.01,     83.04,     87.34,     89.72,     90.00,     87.82,     81.83,     74.11,     67.78,     63.22,     60.05,     57.75,     56.17
006001,    1,   M2011010016,     14.17,     97.17,     63.66,     62.86,     62.14,     61.47,     60.89,     60.40,     60.00,     60.22,     62.61,     68.18,     74.54,     80.26,     84.78,     88.01,     89.79,     90.00,     88.36,     83.87,     78.08,     73.34,     69.92,     67.54,     65.81,     64.63
006001,    1,   M2011010017,     14.17,     97.17,     72.44,     71.91,     71.42,     70.98,     70.59,     70.27,     70.00,     70.15,     71.74,     75.45,     79.69,     83.50,     86.52,     88.67,     89.86,     90.00,     88.91,     85.91,     82.06,     78.89,     76.61,     75.03,     73.87,     73.09
006001,    1,   M2011010018,     14.17,     97.17,     81.22,     80.95,     80.71,     80.49,     80.30,     80.13,     80.00,     80.07,     80.87,     82.73,     84.85,     86.75,     88.26,     89.34,     89.93,     90.00,     89.45,     87.96,     86.03,     84.45,     83.31,     82.51,     81.94,     81.54
006001,    1,   M2011010019,     14.17,     97.17,     90.00,     90.00,     90.00,     90.00,     90.00,     90.00,     90.00,     90.00,     90.00,     90.00,     90.00,     90.00,     90.00,     90.00,     90.00,     90.00,     90.00,     90.00,     90.00,     90.00,     90.00,     90.00,     90.00,     90.00
006001,    1,   M2011010020,     14.17,     97.17,     18.55,     16.68,     14.98,     13.42,     12.07,     10.93,     10.00,     10.52,     16.10,     29.09,     43.92,     57.27,     67.82,     75.35,     79.51,     80.00,     76.18,     65.70,     52.20,     41.12,     33.14,     27.59,     23.56,     20.80
006001,    1,   M2011010021,     14.17,     97.17,     27.33,     25.72,     24.27,     22.93,     21.77,     20.80,     20.00,     20.45,     25.23,     36.36,     49.08,     60.51,     69.56,     76.01,     79.58,     80.00,     76.73,     67.74,     56.17,     46.67,     39.84,     35.08,     31.62,     29.26
006001,    1,   M2011010022,     14.17,     97.17,     36.10,     34.77,     33.56,     32.45,     31.48,     30.67,     30.00,     30.37,     34.36,     43.63,     54.23,     63.76,     71.30,     76.68,     79.65,     80.00,     77.27,     69.78,     60.14,     52.23,     46.53,     42.56,     39.69,     37.71
006001,    1,   M2011010023,     14.17,     97.17,     44.88,     43.82,     42.85,     41.96,     41.18,     40.53,     40.00,     40.30,     43.49,     50.91,     59.38,     67.01,     73.04,     77.34,     79.72,     80.00,     77.82,     71.83,     64.11,     57.78,     53.22,     50.05,     47.75,     46.17
006001,    1,   M2011010024,     14.17,     97.17,     53.66,     52.86,     52.14,     51.47,     50.89,     50.40,     50.00,     50.22,     52.61,     58.18,     64.54,     70.26,     74.78,     78.01,     79.79,     80.00,     78.36,     73.87,     68.08,     63.34,     59.92,     57.54,     55.81,     54.63
006001,    1,   M2011010025,     14.17,     97.17,     62.44,     61.91,     61.42,     60.98,     60.59,     60.27,     60.00,     60.15,     61.74,     65.45,     69.69,     73.50,     76.52,     78.67,     79.86,     80.00,     78.91,     75.91,     72.06,     68.89,     66.61,     65.03,     63.87,     63.09
006001,    1,   M2011010026,     14.17,     97.17,     71.22,     70.95,     70.71,     70.49,     70.30,     70.13,     70.00,     70.07,     70.87,     72.73,     74.85,     76.75,     78.26,     79.34,     79.93,     80.00,     79.45,     77.96,     76.03,     74.45,     73.31,     72.51,     71.94,     71.54
006001,    1,   M2011010027,     14.17,     97.17,     80.00,     80.00,     80.00,     80.00,     80.00,     80.00,     80.00,     80.00,     80.00,     80.00,     80.00,     80.00,     80.00,     80.00,     80.00,     80.00,     80.00,     80.00,     80.00,     80.00,     80.00,     80.00,     80.00,     80.00
006001,    1,   M2011010028,     14.17,     97.17,     17.33,     15.72,     14.27,     12.93,     11.77,     10.80,     10.00,     10.45,     15.23,     26.36,     39.08,     50.51,     59.56,     66.01,     69.58,     70.00,     66.73,     57.74,     46.17,     36.67,     29.84,     25.08,     21.62,     19.26
006001,    1,   M2011010029,     14.17,     97.17,     26.10,     24.77,     23.56,     22.45,     21.48,     20.67,     20.00,     20.37,     24.36,     33.63,     44.23,     53.76,     61.30,     66.68,     69.65,     70.00,     67.27,     59.78,     50.14,     42.23,     36.53,     32.56,     29.69,     27.71
006001,    1,   M2011010030,     14.17,     97.17,     34.88,     33.82,     32.85,     31.96,     31.18,     30.53,     30.00,     30.30,     33.49,     40.91,     49.38,     57.01,     63.04,     67.34,     69.72,     70.00,     67.82,     61.83,     54.11,     47.78,     43.22,     40.05,     37.75,     36.17
006001,    1,   M2011010031,     14.17,     97.17,     43.66,     42.86,     42.14,     41.47,     40.89,     40.40,     40.00,     40.22,     42.61,     48.18,     54.54,     60.26,     64.78,     68.01,     69.79,     70.00,     68.36,     63.87,     58.08,     53.34,     49.92,     47.54,     45.81,     44.63
006001,    1,   M2011010032,     14.17,     97.17,     52.44,     51.91,     51.42,     50.98,     50.59,     50.27,     50.00,     50.15,     51.74,     55.45,     59.69,     63.50,     66.52,     68.67,     69.86,     70.00,     68.91,     65.91,     62.06,     58.89,     56.61,     55.03,     53.87,     53.09
006001,    1,   M2011010033,     14.17,     97.17,     61.22,     60.95,     60.71,     60.49,     60.30,     60.13,     60.00,     60.07,     60.87,     62.73,     64.85,     66.75,     68.26,     69.34,     69.93,     70.00,     69.45,     67.96,     66.03,     64.45,     63.31,     62.51,     61.94,     61.54
006001,    1,   M2011010034,     14.17,     97.17,     70.00,     70.00,     70.00,     70.00,     70.00,     70.00,     70.00,     70.00,     70.00,     70.00,     70.00,     70.00,     70.00,     70.00,     70.00,     70.00,     70.00,     70.00,     70.00,     70.00,     70.00,     70.00,     70.00,     70.00
006001,    1,   M2011010035,     14.17,     97.17,     16.10,     14.77,     13.56,     12.45,     11.48,     10.67,     10.00,     10.37,     14.36,     23.63,     34.23,     43.76,     51.30,     56.68,     59.65,     60.00,     57.27,     49.78,     40.14,     32.23,     26.53,     22.56,     19.69,     17.71
006001,    1,   M2011010036,     14.17,     97.17,     24.88,     23.82,     22.85,     21.96,     21.18,     20.53,     20.00,     20.30,     23.49,     30.91,     39.38,     47.01,     53.04,     57.34,     59.72,     60.00,     57.82,     51.83,     44.11,     37.78,     33.22,     30.05,     27.75,     26.17
006001,    1,   M2011010037,     14.17,     97.17,     33.66,     32.86,     32.14,     31.47,     30.89,     30.40,     30.00,     30.22,     32.61,     38.18,     44.54,     50.26,     54.78,     58.01,     59.79,     60.00,     58.36,     53.87,     48.08,     43.34,     39.92,     37.54,     35.81,     34.63
006001,    1,   M2011010038,     14.17,     97.17,     42.44,     41.91,     41.42,     40.98,     40.59,     40.27,     40.00,     40.15,     41.74,     45.45,     49.69,     53.50,     56.52,     58.67,     59.86,     60.00,     58.91,     55.91,     52.06,     48.89,     46.61,     45.03,     43.87,     43.09
006001,    1,   M2011010039,     14.17,     97.17,     51.22,     50.95,     50.71,     50.49,     50.30,     50.13,     50.00,     50.07,     50.87,     52.73,     54.85,     56.75,     58.26,     59.34,     59.93,     60.00,     59.45,     57.96,     56.03,     54.45,     53.31,     52.51,     51.94,     51.54
006001,    1,   M2011010040,     14.17,     97.17,     60.00,     60.00,     60.00,     60.00,     60.00,     60.00,     60.00,     60.00,     60.00,     60.00,     60.00,     60.00,     60.00,     60.00,     60.00,     60.00,     60.00,     60.00,     60.00,     60.00,     60.00,     60.00,     60.00,     60.00
006001,    1,   M2011010041,     14.17,     97.17,     14.88,     13.82,     12.85,     11.96,     11.18,     10.53,     10.00,     10.30,     13.49,     20.91,     29.38,     37.01,     43.04,     47.34,     49.72,     50.00,     47.82,     41.83,     34.11,     27.78,     23.22,     20.05,     17.75,     16.17
006001,    1,   M2011010042,     14.17,     97.17,     23.66,     22.86,     22.14,     21.47,     20.89,     20.40,     20.00,     20.22,     22.61,     28.18,     34.54,     40.26,     44.78,     48.01,     49.79,     50.00,     48.36,     43.87,     38.08,     33.34,     29.92,     27.54,     25.81,     24.63
006001,    1,   M2011010043,     14.17,     97.17,     32.44,     31.91,     31.42,     30.98,     30.59,     30.27,     30.00,     30.15,     31.74,     35.45,     39.69,     43.50,     46.52,     48.67,     49.86,     50.00,     48.91,     45.91,     42.06,     38.89,     36.61,     35.03,     33.87,     33.09
006001,    1,   M2011010044,     14.17,     97.17,     41.22,     40.95,     40.71,     40.49,     40.30,     40.13,     40.00,     40.07,     40.87,     42.73,     44.85,     46.75,     48.26,     49.34,     49.93,     50.00,     49.45,     47.96,     46.03,     44.45,     43.31,     42.51,     41.94,     41.54
006001,    1,   M2011010045,     14.17,     97.17,     50.00,     50.00,     50.00,     50.00,     50.00,     50.00,     50.00,     50.00,     50.00,     50.00,     50.00,     50.00,     50.00,     50.00,     50.00,     50.00,     50.00,     50.00,     50.00,     50.00,     50.00,     50.00,     50.00,     50.00
006001,    1,   M2011010046,     14.17,     97.17,     13.66,     12.86,     12.14,     11.47,     10.89,     10.40,     10.00,     10.22,     12.61,     18.18,     24.54,     30.26,     34.78,     38.01,     39.79,     40.00,     38.36,     33.87,     28.08,     23.34,     19.92,     17.54,     15.81,     14.63
006001,    1,   M2011010047,     14.17,     97.17,     22.44,     21.91,     21.42,     20.98,     20.59,     20.27,     20.00,     20.15,     21.74,     25.45,     29.69,     33.50,     36.52,     38.67,     39.86,     40.00,     38.91,     35.91,     32.06,     28.89,     26.61,     25.03,     23.87,     23.09
006001,    1,   M2011010048,     14.17,     97.17,     31.22,     30.95,     30.71,     30.49,     30.30,     30.13,     30.00,     30.07,     30.87,     32.73,     34.85,     36.75,     38.26,     39.34,     39.93,     40.00,     39.45,     37.96,     36.03,     34.45,     33.31,     32.51,     31.94,     31.54
006001,    1,   M2011010049,     14.17,     97.17,     40.00,     40.00,     40.00,     40.00,     40.00,     40.00,     40.00,     40.00,     40.00,     40.00,     40.00,     40.00,     40.00,     40.00,     40.00,     40.00,     40.00,     40.00,     40.00,     40.00,     40.00,     40.00,     40.00,     40.00
006001,    1,   M2011010050,     14.17,     97.17,     12.44,     11.91,     11.42,     10.98,     10.59,     10.27,     10.00,     10.15,     11.74,     15.45,     19.69,     23.50,     26.52,     28.67,     29.86,     30.00,     28.91,     25.91,     22.06,     18.89,     16.61,     15.03,     13.87,     13.09
006001,    1,   M2011010051,     14.17,     97.17,     21.22,     20.95,     20.71,     20.49,     20.30,     20.13,     20.00,     20.07,     20.87,     22.73,     24.85,     26.75,     28.26,     29.34,     29.93,     30.00,     29.45,     27.96,     26.03,     24.45,     23.31,     22.51,     21.94,     21.54
006001,    1,   M2011010052,     14.17,     97.17,     30.00,     30.00,     30.00,     30.00,     30.00,     30.00,     30.00,     30.00,     30.00,     30.00,     30.00,     30.00,     30.00,     30.00,     30.00,     30.00,     30.00,     30.00,     30.00,     30.00,     30.00,     30.00,     30.00,     30.00
006001,    1,   M2011010053,     14.17,     97.17,     11.22,     10.95,     10.71,     10.49,     10.30,     10.13,     10.00,     10.07,     10.87,     12.73,     14.85,     16.75,     18.26,     19.34,     19.93,     20.00,     19.45,     17.96,     16.03,     14.45,     13.31,     12.51,     11.94,     11.54
006001,    1,   M2011010054,     14.17,     97.17,     20.00,     20.00,     20.00,     20.00,     20.00,     20.00,     20.00,     20.00,     20.00,     20.00,     20.00,     20.00,     20.00,     20.00,     20.00,     20.00,     20.00,     20.00,     20.00,     20.00,     20.00,     20.00,     20.00,     20.00
006001,    1,   M2011010055,     14.17,     97.17,     10.00,     10.00,     10.00,     10.00,     10.00,     10.00,     10.00,     10.00,     10.00,     10.00,     10.00,     10.00,     10.00,     10.00,     10.00,     10.00,     10.00,     10.00,     10.00,     10.00,     10.00,     10.00,     10.00,     10.00
006001,    7,   M2011070001,     26.12,    110.35,     29.33,     26.65,     24.54,     22.77,     21.23,     20.00,     22.01,     32.20,     48.46,     66.32,     83.01,     97.18,    108.29,    116.17,    120.00,    119.28,    113.67,    103.03,     86.94,     68.38,     53.65,     44.14,     37.73,     32.84
006001,    7,   M2011070002,     26.12,    110.35,     38.40,     35.99,     34.09,     32.49,     31.10,     30.00,     31.81,     40.98,     55.62,     71.69,     86.71,     99.46,    109.46,    116.56,    120.00,    119.35,    114.30,    104.73,     90.25,     73.54,     60.28,     51.72,     45.96,     41.55
006001,    7,   M2011070003,     26.12,    110.35,     47.47,     45.32,     43.63,     42.21,     40.98,     40.00,     41.61,     49.76,     62.77,     77.06,     90.41,    101.75,    110.63,    116.94,    120.00,    119.43,    114.94,    106.43,     93.55,     78.70,     66.92,     59.31,     54.18,     50.27
006001,    7,   M2011070004,     26.12,    110.35,     56.53,     54.66,     53.18,     51.94,     50.86,     50.00,     51.41,     58.54,     69.92,     82.43,     94.11,    104.03,    111.81,    117.32,    120.00,    119.50,    115.57,    108.12,     96.86,     83.87,     73.55,     66.90,     62.41,     58.99
006001,    7,   M2011070005,     26.12,    110.35,     65.60,     63.99,     62.73,     61.66,     60.74,     60.00,     61.21,     67.32,     77.08,     87.79,     97.80,    106.31,    112.98,    117.70,    120.00,    119.57,    116.20,    109.82,    100.17,     89.03,     80.19,     74.48,     70.64,     67.70
006001,    7,   M2011070006,     26.12,    110.35,     74.67,     73.33,     72.27,     71.38,     70.61,     70.00,     71.00,     76.10,     84.23,     93.16,    101.50,    108.59,    114.15,    118.09,    120.00,    119.64,    116.84,    111.52,    103.47,     94.19,     86.82,     82.07,     78.87,     76.42
006001,    7,   M2011070007,     26.12,    110.35,     83.73,     82.66,     81.82,     81.11,     80.49,     80.00,     80.80,     84.88,     91.39,     98.53,    105.20,    110.87,    115.32,    118.47,    120.00,    119.71,    117.47,    113.21,    106.78,     99.35,     93.46,     89.65,     87.09,     85.13
006001,    7,   M2011070008,     26.12,    110.35,     92.80,     92.00,     91.36,     90.83,     90.37,     90.00,     90.60,     93.66,     98.54,    103.90,    108.90,    113.15,    116.49,    118.85,    120.00,    119.78,    118.10,    114.91,    110.08,    104.51,    100.09,     97.24,     95.32,     93.85
006001,    7,   M2011070009,     26.12,    110.35,    101.87,    101.33,    100.91,    100.55,    100.25,    100.00,    100.40,    102.44,    105.69,    109.26,    112.60,    115.44,    117.66,    119.23,    120.00,    119.86,    118.73,    116.61,    113.39,    109.68,    106.73,    104.83,    103.55,    102.57
006001,    7,   M2011070010,     26.12,    110.35,    110.93,    110.67,    110.45,    110.28,    110.12,    110.00,    110.20,    111.22,    112.85,    114.63,    116.30,    117.72,    118.83,    119.62,    120.00,    119.93,    119.37,    118.30,    116.69,    114.84,    113.36,    112.41,    111.77,    111.28
006001,    7,   M2011070011,     26.12,    110.35,    120.00,    120.00,    120.00,    120.00,    120.00,    120.00,    120.00,    120.00,    120.00,    120.00,    120.00,    120.00,    120.00,    120.00,    120.00,    120.00,    120.00,    120.00,    120.00,    120.00,    120.00,    120.00,    120.00,    120.00
006001,    7,   M2011070012,     26.12,    110.35,     28.40,     25.99,     24.09,     22.49,     21.10,     20.00,     21.81,     30.98,     45.62,     61.69,     76.71,     89.46,     99.46,    106.56,    110.00,    109.35,    104.30,     94.73,     80.25,     63.54,     50.28,     41.72,     35.96,     31.55
006001,    7,   M2011070013,     26.12,    110.35,     37.47,     35.32,     33.63,     32.21,     30.98,     30.00,     31.61,     39.76,     52.77,     67.06,     80.41,     91.75,    100.63,    106.94,    110.00,    109.43,    104.94,     96.43,     83.55,     68.70,     56.92,     49.31,     44.18,     40.27
006001,    7,   M2011070014,     26.12,    110.35,     46.53,     44.66,     43.18,     41.94,     40.86,     40.00,     41.41,     48.54,     59.92,     72.43,     84.11,     94.03,    101.81,    107.32,    110.00,    109.50,    105.57,     98.12,     86.86,     73.87,     63.55,     56.90,     52.41,     48.99
006001,    7,   M2011070015,     26.12,    110.35,     55.60,     53.99,     52.73,     51.66,     50.74,     50.00,     51.21,     57.32,     67.08,     77.79,     87.80,     96.31,    102.98,    107.70,    110.00,    109.57,    106.20,     99.82,     90.17,     79.03,     70.19,     64.48,     60.64,     57.70
006001,    7,   M2011070016,     26.12,    110.35,     64.67,     63.33,     62.27,     61.38,     60.61,     60.00,     61.00,     66.10,     74.23,     83.16,     91.50,     98.59,    104.15,    108.09,    110.00,    109.64,    106.84,    101.52,     93.47,     84.19,     76.82,     72.07,     68.87,     66.42
006001,    7,   M2011070017,     26.12,    110.35,     73.73,     72.66,     71.82,     71.11,     70.49,     70.00,     70.80,     74.88,     81.39,     88.53,     95.20,    100.87,    105.32,    108.47,    110.00,    109.71,    107.47,    103.21,     96.78,     89.35,     83.46,     79.65,     77.09,     75.13
006001,    7,   M2011070018,     26.12,    110.35,     82.80,     82.00,     81.36,     80.83,     80.37,     80.00,     80.60,     83.66,     88.54,     93.90,     98.90,    103.15,    106.49,    108.85,    110.00,    109.78,    108.10,    104.91,    100.08,     94.51,     90.09,     87.24,     85.32,     83.85
006001,    7,   M2011070019,     26.12,    110.35,     91.87,     91.33,     90.91,     90.55,     90.25,     90.00,     90.40,     92.44,     95.69,     99.26,    102.60,    105.44,    107.66,    109.23,    110.00,    109.86,    108.73,    106.61,    103.39,     99.68,     96.73,     94.83,     93.55,     92.57
006001,    7,   M2011070020,     26.12,    110.35,    100.93,    100.67,    100.45,    100.28,    100.12,    100.00,    100.20,    101.22,    102.85,    104.63,    106.30,    107.72,    108.83,    109.62,    110.00,    109.93,    109.37,    108.30,    106.69,    104.84,    103.36,    102.41,    101.77,    101.28
006001,    7,   M2011070021,     26.12,    110.35,    110.00,    110.00,    110.00,    110.00,    110.00,    110.00,    110.00,    110.00,    110.00,    110.00,    110.00,    110.00,    110.00,    110.00,    110.00,    110.00,    110.00,    110.00,    110.00,    110.00,    110.00,    110.00,    110.00,    110.00
006001,    7,   M2011070022,     26.12,    110.35,     27.47,     25.32,     23.63,     22.21,     20.98,     20.00,     21.61,     29.76,     42.77,     57.06,     70.41,     81.75,     90.63,     96.94,    100.00,     99.43,     94.94,     86.43,     73.55,     58.70,     46.92,     39.31,     34.18,     30.27
006001,    7,   M2011070023,     26.12,    110.35,     36.53,     34.66,     33.18,     31.94,     30.86,     30.00,     31.41,     38.54,     49.92,     62.43,     74.11,     84.03,     91.81,     97.32,    100.00,     99.50,     95.57,     88.12,     76.86,     63.87,     53.55,     46.90,     42.41,     38.99
006001,    7,   M2011070024,     26.12,    110.35,     45.60,     43.99,     42.73,     41.66,     40.74,     40.00,     41.21,     47.32,     57.08,     67.79,     77.80,     86.31,     92.98,     97.70,    100.00,     99.57,     96.20,     89.82,     80.17,     69.03,     60.19,     54.48,     50.64,     47.70
006001,    7,   M2011070025,     26.12,    110.35,     54.67,     53.33,     52.27,     51.38,     50.61,     50.00,     51.00,     56.10,     64.23,     73.16,     81.50,     88.59,     94.15,     98.09,    100.00,     99.64,     96.84,     91.52,     83.47,     74.19,     66.82,     62.07,     58.87,     56.42
006001,    7,   M2011070026,     26.12,    110.35,     63.73,     62.66,     61.82,     61.11,     60.49,     60.00,     60.80,     64.88,     71.39,     78.53,     85.20,     90.87,     95.32,     98.47,    100.00,     99.71,     97.47,     93.21,     86.78,     79.35,     73.46,     69.65,     67.09,     65.13
006001,    7,   M2011070027,     26.12,    110.35,     72.80,     72.00,     71.36,     70.83,     70.37,     70.00,     70.60,     73.66,     78.54,     83.90,     88.90,     93.15,     96.49,     98.85,    100.00,     99.78,     98.10,     94.91,     90.08,     84.51,     80.09,     77.24,     75.32,     73.85
006001,    7,   M2011070028,     26.12,    110.35,     81.87,     81.33,     80.91,     80.55,     80.25,     80.00,     80.40,     82.44,     85.69,     89.26,     92.60,     95.44,     97.66,     99.23,    100.00,     99.86,     98.73,     96.61,     93.39,     89.68,     86.73,     84.83,     83.55,     82.57
006001,    7,   M2011070029,     26.12,    110.35,     90.93,     90.67,     90.45,     90.28,     90.12,     90.00,     90.20,     91.22,     92.85,     94.63,     96.30,     97.72,     98.83,     99.62,    100.00,     99.93,     99.37,     98.30,     96.69,     94.84,     93.36,     92.41,     91.77,     91.28
006001,    7,   M2011070030,     26.12,    110.35,    100.00,    100.00,    100.00,    100.00,    100.00,    100.00,    100.00,    100.00,    100.00,    100.00,    100.00,    100.00,    100.00,    100.00,    100.00,    100.00,    100.00,    100.00,    100.00,    100.00,    100.00,    100.00,    100.00,    100.00
006001,    7,   M2011070031,     26.12,    110.35,     26.53,     24.66,     23.18,     21.94,     20.86,     20.00,     21.41,     28.54,     39.92,     52.43,     64.11,     74.03,     81.81,     87.32,     90.00,     89.50,     85.57,     78.12,     66.86,     53.87,     43.55,     36.90,     32.41,     28.99
006001,    7,   M2011070032,     26.12,    110.35,     35.60,     33.99,     32.73,     31.66,     30.74,     30.00,     31.21,     37.32,     47.08,     57.79,     67.80,     76.31,     82.98,     87.70,     90.00,     89.57,     86.20,     79.82,     70.17,     59.03,     50.19,     44.48,     40.64,     37.70
006001,    7,   M2011070033,     26.12,    110.35,     44.67,     43.33,     42.27,     41.38,     40.61,     40.00,     41.00,     46.10,     54.23,     63.16,     71.50,     78.59,     84.15,     88.09,     90.00,     89.64,     86.84,     81.52,     73.47,     64.19,     56.82,     52.07,     48.87,     46.42
006001,    7,   M2011070034,     26.12,    110.35,     53.73,     52.66,     51.82,     51.11,     50.49,     50.00,     50.80,     54.88,     61.39,     68.53,     75.20,     80.87,     85.32,     88.47,     90.00,     89.71,     87.47,     83.21,     76.78,     69.35,     63.46,     59.65,     57.09,     55.13
006001,    7,   M2011070035,     26.12,    110.35,     62.80,     62.00,     61.36,     60.83,     60.37,     60.00,     60.60,     63.66,     68.54,     73.90,     78.90,     83.15,     86.49,     88.85,     90.00,     89.78,     88.10,     84.91,     80.08,     74.51,     70.09,     67.24,     65.32,     63.85
006001,    7,   M2011070036,     26.12,    110.35,     71.87,     71.33,     70.91,     70.55,     70.25,     70.00,     70.40,     72.44,     75.69,     79.26,     82.60,     85.44,     87.66,     89.23,     90.00,     89.86,     88.73,     86.61,     83.39,     79.68,     76.73,     74.83,     73.55,     72.57
006001,    7,   M2011070037,     26.12,    110.35,     80.93,     80.67,     80.45,     80.28,     80.12,     80.00,     80.20,     81.22,     82.85,     84.63,     86.30,     87.72,     88.83,     89.62,     90.00,     89.93,     89.37,     88.30,     86.69,     84.84,     83.36,     82.41,     81.77,     81.28
006001,    7,   M2011070038,     26.12,    110.35,     90.00,     90.00,     90.00,     90.00,     90.00,     90.00,     90.00,     90.00,     90.00,     90.00,     90.00,     90.00,     90.00,     90.00,     90.00,     90.00,     90.00,     90.00,     90.00,     90.00,     90.00,     90.00,     90.00,     90.00
006001,    7,   M2011070039,     26.12,    110.35,     25.60,     23.99,     22.73,     21.66,     20.74,     20.00,     21.21,     27.32,     37.08,     47.79,     57.80,     66.31,     72.98,     77.70,     80.00,     79.57,     76.20,     69.82,     60.17,     49.03,     40.19,     34.48,     30.64,     27.70
006001,    7,   M2011070040,     26.12,    110.35,     34.67,     33.33,     32.27,     31.38,     30.61,     30.00,     31.00,     36.10,     44.23,     53.16,     61.50,     68.59,     74.15,     78.09,     80.00,     79.64,     76.84,     71.52,     63.47,     54.19,     46.82,     42.07,     38.87,     36.42
006001,    7,   M2011070041,     26.12,    110.35,     43.73,     42.66,     41.82,     41.11,     40.49,     40.00,     40.80,     44.88,     51.39,     58.53,     65.20,     70.87,     75.32,     78.47,     80.00,     79.71,     77.47,     73.21,     66.78,     59.35,     53.46,     49.65,     47.09,     45.13
006001,    7,   M2011070042,     26.12,    110.35,     52.80,     52.00,     51.36,     50.83,     50.37,     50.00,     50.60,     53.66,     58.54,     63.90,     68.90,     73.15,     76.49,     78.85,     80.00,     79.78,     78.10,     74.91,     70.08,     64.51,     60.09,     57.24,     55.32,     53.85
006001,    7,   M2011070043,     26.12,    110.35,     61.87,     61.33,     60.91,     60.55,     60.25,     60.00,     60.40,     62.44,     65.69,     69.26,     72.60,     75.44,     77.66,     79.23,     80.00,     79.86,     78.73,     76.61,     73.39,     69.68,     66.73,     64.83,     63.55,     62.57
006001,    7,   M2011070044,     26.12,    110.35,     70.93,     70.67,     70.45,     70.28,     70.12,     70.00,     70.20,     71.22,     72.85,     74.63,     76.30,     77.72,     78.83,     79.62,     80.00,     79.93,     79.37,     78.30,     76.69,     74.84,     73.36,     72.41,     71.77,     71.28
006001,    7,   M2011070045,     26.12,    110.35,     80.00,     80.00,     80.00,     80.00,     80.00,     80.00,     80.00,     80.00,     80.00,     80.00,     80.00,     80.00,     80.00,     80.00,     80.00,     80.00,     80.00,     80.00,     80.00,     80.00,     80.00,     80.00,     80.00,     80.00
006001,    7,   M2011070046,     26.12,    110.35,     24.67,     23.33,     22.27,     21.38,     20.61,     20.00,     21.00,     26.10,     34.23,     43.16,     51.50,     58.59,     64.15,     68.09,     70.00,     69.64,     66.84,     61.52,     53.47,     44.19,     36.82,     32.07,     28.87,     26.42
006001,    7,   M2011070047,     26.12,    110.35,     33.73,     32.66,     31.82,     31.11,     30.49,     30.00,     30.80,     34.88,     41.39,     48.53,     55.20,     60.87,     65.32,     68.47,     70.00,     69.71,     67.47,     63.21,     56.78,     49.35,     43.46,     39.65,     37.09,     35.13
006001,    7,   M2011070048,     26.12,    110.35,     42.80,     42.00,     41.36,     40.83,     40.37,     40.00,     40.60,     43.66,     48.54,     53.90,     58.90,     63.15,     66.49,     68.85,     70.00,     69.78,     68.10,     64.91,     60.08,     54.51,     50.09,     47.24,     45.32,     43.85
006001,    7,   M2011070049,     26.12,    110.35,     51.87,     51.33,     50.91,     50.55,     50.25,     50.00,     50.40,     52.44,     55.69,     59.26,     62.60,     65.44,     67.66,     69.23,     70.00,     69.86,     68.73,     66.61,     63.39,     59.68,     56.73,     54.83,     53.55,     52.57
006001,    7,   M2011070050,     26.12,    110.35,     60.93,     60.67,     60.45,     60.28,     60.12,     60.00,     60.20,     61.22,     62.85,     64.63,     66.30,     67.72,     68.83,     69.62,     70.00,     69.93,     69.37,     68.30,     66.69,     64.84,     63.36,     62.41,     61.77,     61.28
006001,    7,   M2011070051,     26.12,    110.35,     70.00,     70.00,     70.00,     70.00,     70.00,     70.00,     70.00,     70.00,     70.00,     70.00,     70.00,     70.00,     70.00,     70.00,     70.00,     70.00,     70.00,     70.00,     70.00,     70.00,     70.00,     70.00,     70.00,     70.00
006001,    7,   M2011070052,     26.12,    110.35,     23.73,     22.66,     21.82,     21.11,     20.49,     20.00,     20.80,     24.88,     31.39,     38.53,     45.20,     50.87,     55.32,     58.47,     60.00,     59.71,     57.47,     53.21,     46.78,     39.35,     33.46,     29.65,     27.09,     25.13
006001,    7,   M2011070053,     26.12,    110.35,     32.80,     32.00,     31.36,     30.83,     30.37,     30.00,     30.60,     33.66,     38.54,     43.90,     48.90,     53.15,     56.49,     58.85,     60.00,     59.78,     58.10,     54.91,     50.08,     44.51,     40.09,     37.24,     35.32,     33.85
006001,    7,   M2011070054,     26.12,    110.35,     41.87,     41.33,     40.91,     40.55,     40.25,     40.00,     40.40,     42.44,     45.69,     49.26,     52.60,     55.44,     57.66,     59.23,     60.00,     59.86,     58.73,     56.61,     53.39,     49.68,     46.73,     44.83,     43.55,     42.57
006001,    7,   M2011070055,     26.12,    110.35,     50.93,     50.67,     50.45,     50.28,     50.12,     50.00,     50.20,     51.22,     52.85,     54.63,     56.30,     57.72,     58.83,     59.62,     60.00,     59.93,     59.37,     58.30,     56.69,     54.84,     53.36,     52.41,     51.77,     51.28
006001,    7,   M2011070056,     26.12,    110.35,     60.00,     60.00,     60.00,     60.00,     60.00,     60.00,     60.00,     60.00,     60.00,     60.00,     60.00,     60.00,     60.00,     60.00,     60.00,     60.00,     60.00,     60.00,     60.00,     60.00,     60.00,     60.00,     60.00,     60.00
006001,    7,   M2011070057,     26.12,    110.35,     22.80,     22.00,     21.36,     20.83,     20.37,     20.00,     20.60,     23.66,     28.54,     33.90,     38.90,     43.15,     46.49,     48.85,     50.00,     49.78,     48.10,     44.91,     40.08,     34.51,     30.09,     27.24,     25.32,     23.85
006001,    7,   M2011070058,     26.12,    110.35,     31.87,     31.33,     30.91,     30.55,     30.25,     30.00,     30.40,     32.44,     35.69,     39.26,     42.60,     45.44,     47.66,     49.23,     50.00,     49.86,     48.73,     46.61,     43.39,     39.68,     36.73,     34.83,     33.55,     32.57
006001,    7,   M2011070059,     26.12,    110.35,     40.93,     40.67,     40.45,     40.28,     40.12,     40.00,     40.20,     41.22,     42.85,     44.63,     46.30,     47.72,     48.83,     49.62,     50.00,     49.93,     49.37,     48.30,     46.69,     44.84,     43.36,     42.41,     41.77,     41.28
006001,    7,   M2011070060,     26.12,    110.35,     50.00,     50.00,     50.00,     50.00,     50.00,     50.00,     50.00,     50.00,     50.00,     50.00,     50.00,     50.00,     50.00,     50.00,     50.00,     50.00,     50.00,     50.00,     50.00,     50.00,     50.00,     50.00,     50.00,     50.00
006001,    7,   M2011070061,     26.12,    110.35,     21.87,     21.33,     20.91,     20.55,     20.25,     20.00,     20.40,     22.44,     25.69,     29.26,     32.60,     35.44,     37.66,     39.23,     40.00,     39.86,     38.73,     36.61,     33.39,     29.68,     26.73,     24.83,     23.55,     22.57
006001,    7,   M2011070062,     26.12,    110.35,     30.93,     30.67,     30.45,     30.28,     30.12,     30.00,     30.20,     31.22,     32.85,     34.63,     36.30,     37.72,     38.83,     39.62,     40.00,     39.93,     39.37,     38.30,     36.69,     34.84,     33.36,     32.41,     31.77,     31.28
006001,    7,   M2011070063,     26.12,    110.35,     40.00,     40.00,     40.00,     40.00,     40.00,     40.00,     40.00,     40.00,     40.00,     40.00,     40.00,     40.00,     40.00,     40.00,     40.00,     40.00,     40.00,     40.00,     40.00,     40.00,     40.00,     40.00,     40.00,     40.00
006001,    7,   M2011070064,     26.12,    110.35,     20.93,     20.67,     20.45,     20.28,     20.12,     20.00,     20.20,     21.22,     22.85,     24.63,     26.30,     27.72,     28.83,     29.62,     30.00,     29.93,     29.37,     28.30,     26.69,     24.84,     23.36,     22.41,     21.77,     21.28
006001,    7,   M2011070065,     26.12,    110.35,     30.00,     30.00,     30.00,     30.00,     30.00,     30.00,     30.00,     30.00,     30.00,     30.00,     30.00,     30.00,     30.00,     30.00,     30.00,     30.00,     30.00,     30.00,     30.00,     30.00,     30.00,     30.00,     30.00,     30.00
006001,    7,   M2011070066,     26.12,    110.35,     20.00,     20.00,     20.00,     20.00,     20.00,     20.00,     20.00,     20.00,     20.00,     20.00,     20.00,     20.00,     20.00,     20.00,     20.00,     20.00,     20.00,     20.00,     20.00,     20.00,     20.00,     20.00,     20.00,     20.00
